100,86600,1,0
100,86843,2,0
100,86846,3,0
100,86847,4,0
100,86601,5,0
100,86602,6,0
100,86854,7,0
100,86837,8,0
100,86838,9,0
100,86839,10,0
100,86840,11,0
100,86824,12,0
100,86629,13,0
100,86631,14,0
100,86825,15,0
100,86827,16,0
100,86604,17,0
100,86605,18,0
100,86606,19,0
100,86607,20,0
100,86608,21,0
100,86609,22,0
100,86610,23,0
100,86611,24,0
100,86612,25,0
100,86613,26,0
100,86614,27,0
100,86615,28,0
100,86648,29,0
100,86616,30,0
100,86617,31,0
100,86618,32,0
100,86619,33,0
100,86620,34,0
100,86621,35,0
100,86622,36,0
100,86623,37,0
100,86624,38,0
100,86625,39,0
100,86626,40,0
100,86627,41,0
100,86628,42,0
100,86630,43,0
100,86603,44,0
100,86636,45,0
100,86649,46,0
100,86637,47,0
100,86638,48,0
100,86639,49,0
100,86640,50,0
100,86641,51,0
100,86642,52,0
100,86643,53,0
100,86644,54,0
100,86645,55,0
100,86646,56,0
100,86647,57,0
100,86709,58,0
100,86841,59,0
100,86842,60,0
100,86710,61,0
100,86850,62,0
100,86851,63,0
100,86833,64,1
201,86600,1,0
201,86843,2,0
201,86844,3,0
201,86845,4,0
201,86650,5,0
201,86651,6,0
201,86652,7,0
201,86653,8,0
201,86654,9,0
201,86655,10,0
201,86656,11,0
201,86657,12,0
201,86658,13,0
201,86659,14,0
201,86660,15,0
201,86661,16,0
201,86662,17,0
201,86663,18,0
201,86664,19,0
201,86665,20,0
201,86666,21,0
201,86667,22,0
201,86668,23,0
201,86669,24,0
201,86670,25,0
201,86671,26,0
201,86672,27,0
201,86673,28,0
201,86674,29,0
201,86675,30,0
201,86676,31,0
201,86677,32,0
201,86678,33,0
201,86679,34,0
201,86680,35,0
201,86681,36,0
201,86682,37,0
201,86683,38,0
201,86684,39,0
201,86685,40,0
201,86686,41,0
201,86687,42,0
201,86688,43,0
201,86689,44,0
201,86690,45,0
201,86691,46,0
201,86692,47,0
201,86693,48,0
201,86694,49,0
201,86695,50,0
201,86696,51,0
201,86697,52,0
201,86698,53,0
201,86699,54,0
201,86700,55,0
201,86701,56,0
201,86702,57,0
201,86703,58,0
201,86704,59,0
201,86705,60,0
201,86706,61,0
201,86707,62,0
201,86708,63,0
201,86709,64,0
201,86841,65,0
201,86842,66,0
201,86710,67,0
201,86850,68,0
201,86851,69,0
201,86833,70,1
301,86600,1,0
301,86775,2,0
301,86773,3,0
301,86852,4,0
301,86776,5,0
301,86711,6,0
301,86712,7,0
301,86713,8,0
301,86714,9,0
301,86715,10,0
301,86716,11,0
301,86717,12,0
301,86718,13,0
301,86719,14,0
301,86720,15,0
301,86699,16,0
301,86721,17,0
301,86722,18,0
301,86723,19,0
301,86724,20,0
301,86725,21,0
301,86726,22,0
301,86727,23,0
301,86728,24,0
301,86729,25,0
301,86730,26,0
301,86731,27,0
301,86732,28,0
301,86733,29,0
301,86734,30,0
301,86735,31,0
301,86736,32,0
301,86737,33,0
301,86738,34,0
301,86739,35,0
301,86740,36,0
301,86741,37,0
301,86742,38,0
301,86743,39,0
301,86744,40,0
301,86745,41,0
301,86746,42,0
301,86747,43,0
301,86748,44,0
301,86749,45,0
301,86750,46,0
301,86751,47,0
301,86848,48,0
301,86849,49,0
301,86752,50,0
301,86753,51,0
301,86754,52,0
301,86755,53,0
301,86756,54,0
301,86757,55,0
301,86758,56,0
301,86759,57,0
301,86760,58,0
301,86761,59,0
301,86762,60,0
301,86763,61,0
301,86764,62,0
301,86765,63,0
301,86766,64,0
301,86767,65,0
301,86768,66,0
301,86769,67,0
301,86770,68,0
301,86771,69,0
301,86772,70,0
301,86710,72,0
301,86850,73,0
301,86851,74,0
301,86833,75,1
400,86600,1,0
400,86775,2,0
400,86779,3,0
400,86780,4,0
400,86781,5,0
400,86782,6,0
400,86783,7,0
400,86784,8,0
400,86785,9,0
400,86786,10,0
400,86787,11,0
400,86788,12,0
400,86789,13,0
400,86790,14,0
400,86791,15,0
400,86792,16,0
400,86793,17,0
400,86794,18,0
400,86795,19,0
400,86796,20,0
400,86797,21,0
400,86798,22,0
400,86799,23,0
400,86800,24,0
400,86853,25,0
400,86801,26,0
400,86802,27,0
400,86803,28,0
400,86804,29,0
400,86805,30,0
400,86806,31,0
400,86807,32,0
400,86808,33,0
400,86809,34,0
400,86910,35,0
400,86811,36,0
400,86812,37,0
400,86813,38,0
400,86814,39,0
400,86815,40,0
400,86816,41,0
400,86817,42,0
400,86818,43,0
400,86819,44,0
400,86820,45,0
400,86821,46,0
400,86822,47,0
400,86823,48,0
400,86824,49,0
400,86825,50,0
400,86836,51,0
400,86826,52,0
400,86835,53,0
400,86834,54,0
400,86827,55,0
400,86828,56,0
400,86829,57,0
400,86830,58,0
400,86831,59,0
400,86832,60,0
400,86778,61,0
400,86777,62,0
400,86776,63,0
400,86833,64,1
3100,86000,1,0
3100,86233,2,0
3100,86326,3,0
3100,86071,4,0
3100,86318,5,0
3100,86329,6,0
3100,86330,7,0
3100,86331,8,0
3100,86069,9,0
3100,86098,10,0
3100,86066,11,0
3100,201002,12,0
3100,86320,13,0
3100,86260,14,0
3100,86262,15,0
3100,86062,16,0
3100,86317,17,0
3100,86060,18,0
3100,86352,19,0
3100,86313,20,0
3100,86353,21,0
3100,86312,22,0
3100,86316,23,0
3100,86327,24,0
3100,86328,25,1
3101,86317,1,0
3101,86060,2,0
3101,86352,3,0
3101,86313,4,0
3101,86353,5,0
3101,86312,6,0
3101,86316,7,0
3101,86063,8,0
3101,86263,9,0
3101,86261,10,0
3101,86319,11,0
3101,86304,12,0
3101,86067,13,0
3101,86098,14,0
3101,86068,15,0
3101,86070,16,0
3101,86005,17,0
3101,86833,18,0
3101,86000,19,1
3200,86000,1,0
3200,86233,2,0
3200,86326,3,0
3200,86071,4,0
3200,86318,5,0
3200,86329,6,0
3200,86330,7,0
3200,86331,8,0
3200,86069,9,0
3200,86098,10,0
3200,86066,11,0
3200,86325,12,0
3200,86263,13,0
3200,86261,14,0
3200,86319,15,0
3200,86065,16,0
3200,86059,17,0
3200,86057,18,0
3200,86055,19,0
3200,301022,20,0
3200,86052,21,0
3200,86322,22,0
3200,86369,23,0
3200,86371,24,1
3201,86371,1,0
3201,86322,2,0
3201,86367,3,0
3201,86323,4,0
3201,86324,5,0
3201,86321,6,0
3201,86350,7,0
3201,86054,8,0
3201,86056,9,0
3201,86058,10,0
3201,86064,11,0
3201,86320,12,0
3201,86260,13,0
3201,86262,14,0
3201,86101,15,0
3201,86067,16,0
3201,86098,17,0
3201,86068,18,0
3201,86070,19,0
3201,86005,20,0
3201,86833,21,0
3201,86000,22,1
3400,86000,1,0
3400,86233,2,0
3400,86071,3,0
3400,86092,4,0
3400,86094,5,0
3400,86096,6,0
3400,86100,7,0
3400,86102,8,0
3400,86147,9,0
3400,86145,10,0
3400,86104,11,0
3400,86107,12,0
3400,86314,13,1
3401,86314,1,0
3401,86142,2,0
3401,86106,3,0
3401,86105,4,0
3401,86144,5,0
3401,86146,6,0
3401,86103,7,0
3401,86099,8,0
3401,86097,9,0
3401,86095,10,0
3401,86093,11,0
3401,86070,12,0
3401,86833,13,0
3401,86000,14,1
3500,86309,1,0
3500,86307,2,0
3500,86305,3,0
3500,86120,4,0
3500,86359,5,0
3500,86226,6,0
3500,86225,7,0
3500,86112,8,0
3500,86113,9,0
3500,86302,10,0
3500,86303,11,1
3501,86303,1,0
3501,86301,2,0
3501,86342,3,0
3501,86354,4,0
3501,86343,5,0
3501,86341,6,0
3501,86110,7,0
3501,86114,8,0
3501,86115,9,0
3501,86117,10,0
3501,86116,11,0
3501,86358,12,0
3501,86309,13,0
3501,86307,14,0
3501,86305,15,0
3501,86120,16,1
3700,86221,1,0
3700,86354,2,0
3700,86343,3,0
3700,86303,4,0
3700,86340,5,0
3700,84259,6,0
3700,84292,7,0
3700,84261,8,0
3700,84295,9,0
3700,84297,10,0
3700,84299,11,0
3700,84301,12,0
3700,84248,13,0
3700,84264,14,0
3700,84316,15,0
3700,84245,16,0
3700,84285,17,0
3700,84312,18,0
3700,84333,19,0
3700,84351,20,0
3700,84335,21,0
3700,85791,22,0
3700,84338,23,0
3700,84340,24,0
3700,85845,25,0
3700,85034,26,0
3700,84729,27,0
3700,85782,28,0
3700,84728,29,0
3700,84875,30,1
3701,84728,1,0
3701,85033,2,0
3701,84238,3,0
3701,84343,4,0
3701,84339,5,0
3701,84337,6,0
3701,85790,7,0
3701,84334,8,0
3701,84336,9,0
3701,84332,10,0
3701,84309,11,0
3701,85691,12,0
3701,85686,13,0
3701,85692,14,0
3701,85687,15,0
3701,85699,16,0
3701,85698,17,0
3701,85697,18,0
3701,85696,19,0
3701,85689,20,0
3701,85695,21,0
3701,85705,22,0
3701,86339,23,0
3701,86303,24,0
3701,86220,25,0
3701,86355,26,0
3701,86221,27,1
4600,87917,1,0
4600,86015,2,0
4600,86777,3,0
4600,86006,4,0
4600,86000,5,1
4601,86000,1,0
4601,86773,2,0
4601,86326,3,0
4601,86014,4,0
4601,87917,5,1
5000,88643,1,0
5000,86488,2,0
5000,87863,3,0
5000,87865,4,0
5000,87159,5,0
5000,87163,6,0
5000,87165,7,0
5000,87167,8,0
5000,87171,9,0
5000,87173,10,0
5000,87175,11,0
5000,86028,12,0
5000,88014,13,0
5000,86351,14,0
5000,86023,15,0
5000,86016,16,0
5000,86019,17,0
5000,86020,18,0
5000,86015,19,0
5000,86338,20,0
5000,86336,21,0
5000,86334,22,0
5000,86027,23,0
5000,86332,24,0
5000,86011,25,0
5000,86009,26,0
5000,86773,27,0
5000,86186,28,0
5000,86031,29,0
5000,86033,30,0
5000,86778,31,0
5000,86005,32,0
5000,86776,33,0
5000,86833,34,0
5000,86000,35,1
5001,86000,1,0
5001,86233,2,0
5001,86002,3,0
5001,86326,4,0
5001,86006,5,0
5001,86008,6,0
5001,86010,7,0
5001,86012,8,0
5001,86026,9,0
5001,86333,10,0
5001,86335,11,0
5001,86337,12,0
5001,86014,13,0
5001,86021,14,0
5001,86018,15,0
5001,86017,16,0
5001,86022,17,0
5001,87916,18,0
5001,87158,19,0
5001,87700,20,0
5001,86035,21,0
5001,87013,22,0
5001,87018,23,0
5001,86032,24,0
5001,86030,25,0
5001,86186,26,0
5001,86488,27,0
5001,88643,28,1
12500,86122,1,0
12500,86125,2,0
12500,86126,3,0
12500,86128,4,0
12500,86356,5,0
12500,86130,6,0
12500,86132,7,0
12500,86171,8,0
12500,86134,9,0
12500,86136,10,0
12500,86138,11,0
12500,86140,12,0
12500,86142,13,0
12500,86106,14,0
12500,86105,15,0
12500,86144,16,0
12500,86146,17,0
12500,86148,18,0
12500,86150,19,0
12500,86152,20,0
12500,86155,21,0
12500,86368,22,0
12500,86156,23,0
12500,86158,24,0
12500,86363,25,0
12500,86365,26,0
12500,86364,27,0
12500,86362,28,0
12500,86162,29,0
12500,86165,30,0
12500,86166,31,0
12500,86168,32,0
12500,86349,33,0
12500,86372,34,0
12500,84875,35,0
12500,104004,36,0
12500,88643,37,1
12501,88643,1,0
12501,102004,2,0
12501,84875,3,0
12501,86372,4,0
12501,86169,5,0
12501,86167,6,0
12501,86164,7,0
12501,86163,8,0
12501,86160,9,0
12501,86366,10,0
12501,86360,11,0
12501,86161,12,0
12501,86159,13,0
12501,86157,14,0
12501,86154,15,0
12501,86153,16,0
12501,86151,17,0
12501,86149,18,0
12501,86147,19,0
12501,86145,20,0
12501,86104,21,0
12501,86107,22,0
12501,86143,23,0
12501,86141,24,0
12501,86139,25,0
12501,86137,26,0
12501,86135,27,0
12501,86170,28,0
12501,86133,29,0
12501,86131,30,0
12501,86357,31,0
12501,86129,32,0
12501,86127,33,0
12501,86124,34,0
12501,86122,35,1
13800,86318,1,0
13800,86329,2,0
13800,86330,3,0
13800,86331,4,0
13800,86000,5,0
13800,86233,6,0
13800,86326,7,0
13800,86186,8,0
13800,86185,9,0
13800,86249,10,0
13800,86247,11,0
13800,86183,12,0
13800,86181,13,0
13800,86241,14,0
13800,86218,15,0
13800,86214,16,0
13800,86217,17,0
13800,86231,18,0
13800,86212,19,0
13800,86210,20,0
13800,86206,21,0
13800,86204,22,0
13800,86189,23,0
13800,86203,24,0
13800,86200,25,1
13801,86231,1,0
13801,86200,2,0
13801,86202,3,0
13801,86344,4,0
13801,86345,5,0
13801,86346,6,0
13801,86347,7,0
13801,86348,8,0
13801,86205,9,0
13801,86207,10,0
13801,86211,11,0
13801,86213,12,0
13801,86216,13,0
13801,86215,14,0
13801,86219,15,0
13801,86240,16,0
13801,86180,17,0
13801,86182,18,0
13801,86246,19,0
13801,86248,20,0
13801,86184,21,0
13801,86186,22,0
13801,86778,23,0
13801,86318,24,0
13801,86329,25,0
13801,86330,26,0
13801,86331,27,0
13801,86005,28,0
13801,86833,29,0
13801,86000,30,1
